1001001300153122944
1000998411254710656
1000996453661215104
1000994840275946752
1000991365556034432
1000991160746357376
1000990357363141248
1000987823234007168
1000983341502520448
1000980355425696000
1000980308961183104
1000980291422210176
1000978772988960896
1000970989588424192
1000968097772007168
1000964188832128256
1000962431057962624
1000962164541146752
1000961906044571648
1000958776545464576
1000957795032451456
1000952858218970624
1000952275592740224
1000951418942011264
1000951203163903488
1000949557124812928
1000947931207936128
1000946869413544320
1000938907184355456
1000937502946158080
1000936251320478336
1000935483187620096
1000934646231162624
1000934639152604032
1000930162281542912
1000929937992607744
1000926372667477120
1000915410224110976
1000911327602379008
1000910179518485888
1000907688660484480
1000899756909736704
1000898520190167168
1000897918604536704
1000897446381404032
1000896370184554752
1000894936367067776
1000892941122778368
1000892575444205952
1000885323796518400
1000883917927681024
1000880006943484416
1000879230811419264
1000878114204715520
1000876930525358848
1000875448559465984
1000875327289264768
1000872173990254464
1000871275388937856
1000869660912934528
1000869510536989184
1000868851745959936
1000868157652162432
1000863761584829056
1000860309128391680
1000860278349976576
1000856758674013696
1000854189150943744
1000850730681114496
1000850418263973504
1000848079813741312
1000844434603593600
1000843151631678720
1000841649232200064
1000841379351850368
1000835067533927168
1000834370485075328
1000828569152484736
1000826358018332288
1000823534232425472
1000821511344497920
1000817983596302464
1000815644296949120
1000814795066437248
1000813955133499520
1000812722085696768
1000812403438392448
1000803171718871936
1000800363309600128
1000799467701373184
1000796195156470144
1000793863159100160
1000792346364421504
1000791961457619968
1000791384612671872
1000784772973532416
1000781082635070208
1000769622820579840
1000769473907560064
1000767021033241472
1000766788523650816
1000766599516845696
1000758908797332608
1000758029855752192
1000755595883156480
1000750343426353152
1000748668856840064
1000748379649084672
1000747744948595840
1000742183869161472
1000741834931386112
1000741500371147136
1000741350087912704
1000738293808586752
1000736071321683584
1000733706055334144
1000732724502550400
1000730609562501248
1000730603244300160
1000729569977799424
1000726329512852736
1000725638208216576
1000723664211518976
1000718921722773632
1000714402469033728
1000712696199802496
1000707762027257984
1000707694920939008
1000704833541822336
1000704441535659264
1000704228916197504
1000698175803209216
1000696454153439616
1000693976829742464
1000693893970722816
1000693151853640960
1000692856252270976
1000692419736805120
1000691078130949760
1000690966188456064
1000687169411307648
1000684443647251584
1000680461964164992
1000672349025109248
1000672336157264512
1000672035569744128
1000668817769236096
1000666161184939904
1000665653134675328
1000665502620734464
1000664799469304192
1000661632515555840
1000661030927901440
1000660027291655296
1000658688114958464
1000656088988117504
1000652581864825088
1000648830197015168
1000648788121191552
1000646791877046656
1000640006506713216
1000638963020545280
1000638864221516672
1000635891774152448
1000635015745009536
1000633681803858048
1000633606956661376
1000632183298672512
1000629127011842176
1000628478846993408
1000625647843951104
1000625104635946240
1000621741100556928
1000621065630815488
1000620196701183872
1000619493426777344
1000619357002316928
1000616551996527360
1000615939958041216
1000614509623050880
1000611485551974144
1000611340911151104
1000609432691792512
1000604753537972864
1000604627677389824
1000604405403421696
1000604301179522816
1000595618837956608
1000592919916411904
1000591903659026816
1000589907415335808
1000589501964892288
1000585744783813120
1000585433104352512
1000584870462403584
1000583644513705600
1000582855304806784
1000582078510023680
1000580563041486848
1000579149207938304
1000575698349014272
1000568563145024896
1000567917134565248
1000564733084477696
1000563792276964224
1000562634998244608
1000560394322801280
1000559139880214144
1000558143209727872
1000555780366052224
1000554489922805248
1000554433173623168
1000552053721877248
1000547805287802752
1000546088673986688
1000545111851849600
1000544304729390592
1000543858541714304
1000543641216726528
1000540438194527616
1000540053218133632
1000540034553136768
1000536027086312448
1000534724290627968
1000534216015689728
1000533764445557632
1000532423828661504
1000530917303123072
1000529822599724928
1000528351818577792
1000528342728864768
1000528278011742208
1000527320330000000
1000522539647142528
1000521863353838720
1000516674544200704
1000512039378500480
1000511995321158528
1000511588132413184
1000511000682219264
1000509622332382720
1000508690864493952
1000502677514683392
1000499182043002880
1000497578677734016
1000496137247253248
1000494332520600960
1000493717960957696
1000493439544775040
1000488724395806976
1000485545091974272
1000483191130063488
1000480747689100544
1000479700962724352
1000479658309916032
1000475344747548544
1000473783495810304
1000473458671547136
1000472482920156032
1000470508455978496
1000467990983964032
1000465143901293312
1000457825201445888
1000457125044876544
1000456867128961920
1000456578487655552
1000456271565043968
1000452757334054528
1000452156799502848
1000449576212250240
1000448669059982848
1000448344256133120
1000447873955458816
1000445300828718208
1000444909116999808
1000444230248468480
1000443958013056896
1000443788723360512
1000443374426046720
1000439848201520384
1000438834649827328
1000436824987866624
1000430739960874240
1000430391436801408
1000425727059986560
1000421106765370880
1000420773106588160
1000419588451903232
1000413181176104320
1000412085342696576
1000409641068375424
1000409451344429056
1000409222887386624
1000408681349770624
1000407506359295104
1000405667646780032
1000399068721401344
1000394451387338240
1000394252762777728
1000392887286739584
1000388735394055168
1000387645952544512
1000383109283972864
1000381638375926272
1000378196054184576
1000374303735698816
1000373469272777856
1000372937621249536
1000372090421300096
1000367569437581824
1000365967246502528
1000363562511033600
1000362905999785984
1000362326699626368
1000360929931012224
1000360232827740288
1000359081221006080
1000358867400715392
1000355353195192448
1000354834546911104
1000350046113666560
1000349721476701952
1000349108406016768
1000347172489256704
1000342341476188800
1000341776604794752
1000340620379391232
1000336373781092224
1000332789696070400
1000332324381204352
1000330851255462272
1000330297529490432
1000327646121346048
1000326562242366080
1000325986027339264
1000325693717357440
1000324223923202944
1000323947080340992
1000319574374974720
1000315581225766144
1000315236791884800
1000313126635653120
1000310628683129216
1000309475341059328
1000309176803127040
1000305783508434048
1000304368551125248
1000303941925017472
1000302029959812864
1000301230062950400
1000296719293968384
1000294158216098048
1000293904409876736
1000293870210218496
1000288726763180800
1000287506888270080
1000286785737863040
1000285517490883456
1000285016023008384
1000284466626610688
1000281696407095680
1000280090929395584
1000277997687382784
1000277508584662400
1000277133614510720
1000273450113916672
1000272705167530112
1000272222711167488
1000268452545755776
1000268261968644992
1000265580209906816
1000260158985252992
1000258622424674560
1000256543309140224
1000256436515711744
1000251152042859904
1000241580074800896
1000238358983617408
1000237784819650560
1000233462515516416
1000232863333752320
1000232125220699648
1000231727608582272
1000231359338541696
1000229254998889088
1000228244677817856
1000226005156208640
1000222261583233920
1000218703262842368
1000217254219162624
1000215428934314752
1000214629451795840
1000213586300967424
1000212961986543872
1000212386217983232
1000212298059783168
1000207351647107968
1000207014988597632
1000206906361254656
1000202928564772480
1000200758291637248
1000197943720369792
1000197880096447360
1000197678164718592
1000196400287601152
1000195586452484224
1000192190815991680
1000179850910282368
1000175769322214400
1000175038489011072
1000169512595581440
1000169154865224960
1000168403666428160
1000167587336998144
1000158730819274496
1000157945324280320
1000157482362311808
1000157377078031104
1000155650745618560
1000153626599870720
1000150374977893504
1000150308280065024
1000149951827318400
1000148907630221184
1000147511613962624
1000142671543066112
1000138031982853120
1000137670689604352
1000137295357200000
1000136597525948672
1000134750428129408
1000131264183073792
1000131091797700224
1000130445674079360
1000129344296073600
1000125453640528768
1000125410650415744
1000125281046630016
1000118281505505920
1000114849667887616
1000111189679790720
1000110740930672512
1000110412092139008
1000110151061271680
1000108554036628224
1000105402044594688
1000103791004312064
1000102813302843904
1000100577184207744
1000099716655644800
1000098821030965888
1000097406657309568
1000094135643408128
1000093056945408000
1000091039869431168
1000090998824430464
1000088709108667648
1000088169535724800
1000086450859244544
1000080708652526848
1000079263969061120
1000077143492560512
1000076625088877184
1000075489612265472
1000072412660988800
1000070130401787136
1000069064159679872
1000066787755096192
1000065975310625536
1000064191069336320
1000063221762690304
1000061027846275456
1000059793159688320
1000057651087858304
1000057027651693696
1000054894749742976
1000054279122172672
1000054226959511296
1000053499376993920
1000053062369212032
1000050033146027904
1000047604125437568
1000045010478865152
1000042791127130240
1000040659747337728
1000033119488667904
1000032875202367360
1000032859484244096
1000032669341344128
1000031557699544192
1000028603701257600
1000028583930030976
1000023074572283392
1000022858710809728
1000022012125605504
1000020353029912704
1000019619486264576
1000016781760513664
1000016763383054848
1000016243623467648
1000013082094320640
1000012996908003328
1000011205981182592
1000010619035189760
1000009899673308800
1000009785354757632
1000007254259333248
1000007148912105344
1000006122196850816
1000002632653221120
1000002263766472192
1000000195875484800
999999627370568704
999998639035809920
999998184071003392
999997154733548544
999994514396069632
999992875734184832
999991896344527232
999990341984235136
999989932774021376
999984508312411648
999982645626265088
999975373409375744
999974649742867200
999973431308335360
999970610152821120
999967997523450112
999960266396835328
999960071692388736
999957004904809088
999954599789703808
999953365912142464
999951288280046976
999949596149100416
999943763989774592
999943281541735424
999942377989411328
999940139038439296
999938149362193280
999935052951734784
999931353609349504
999927531119652352
999926864411870336
999925467754330368
999919936727853952
999918192826308480
999917466935477760
999916335011469952
999916084896235520
999915704728292096
999911542505235584
999909538599021440
999909105568772608
999908972363036416
999906193127309056
999905935483676544
999905217586692480
999904363733403520
999902056739425024
999901575154385792
999899963669753600
999899918257581184
999899310690274944
999895603689489280
999894653957305600
999892330113080576
999890505143359232
999886859939794560
999886523843028992
999886196088061056
999881318704225024
999880951287134976
999877624245214976
999877454506515328
999877052815781888
999867344247890688
999863963206494720
999861934930319872
999860585446886016
999855635662767360
999854339793280000
999848920368734208
999842831501019648
999841772608551808
999841758708500352
999840588815510912
999837495531693824
999835281174665600
999835242797675264
999834086905344768
999833798835076992
999828710325584640
999823824806182656
999822862399806336
999819841446431488
999819646368876288
999815922469625728
999812940786183424
999806638248582912
999805342053253888
999803676228716544
999803270781892224
999798386815056256
999798175621027200
999796096673296640
999794004940237184
999793640913282048
999792634309616768
999789914937166464
999786023472176896
999783014962284544
999776082242629120
999775397017627392
999770407137590912
999767816268503808
999767066701248768
999765852329367808
999762522345397376
999761495822551808
999755547180908544
999755466051204992
999753398502338176
999751932778480128
999750709475937024
999747811387159552
999746134176362752
999743187809311104
999742213596110976
999739929737345024
999738823023741312
999738145751211520
999737789318280832
999737229501881472
999734764341668480
999733982098840448
999728729644035328
999727302717689600
999725763569174528
999719455045607552
999716055708088064
999710681321977984
999709303501051392
999707897516532864
999707225958021504
999705399704941312
999705201300680704
999701748900930944
999701277481142784
999700857854925696
999699713669971712
999697647091491072
999696957905237120
999694834339474816
999694426780399872
999694153474532224
999691712291029248
999691165036673152
999691136864894848
999688982850625536
999686761329629824
999683899251771648
999681756597270784
999681133844700544
999680277880504448
999679970517621760
999678841571254400
999675636014743040
999674854173469696
999668831328591616
999668244500219776
999668188665821312
999667144469658624
999665956623173376
999661399203636224
999659226343088128
999658351946256000
999658342509844992
999658038928993536
999656978873088512
999652478108635904
999652206290277888
999651643579130496
999649650139961344
999649310555491840
999647428713663872
999645160732334848
999644530061673728
999644442609298432
999643437433727232
999641282742599296
999640338969216128
999639914588253568
999636188677698048
999629612371274368
999629492140436992
999627537011148416
999627272167359488
999624063058870272
999622922860910208
999622656282807296
999621270931047296
999621042948860288
999620688590044672
999620076531357312
999619188115933696
999615719828521088
999615098855386368
999607756339944960
999607747997987584
999605998803405696
999605635993545984
999604945845839616
999604409509844736
999601688244410752
999600575797647488
999598833086323328
999597336236315776
999596974847859712
999592182295210240
999588992230523392
999583012379553920
999582531084493312
999581450385878656
999580633973262336
999580115344268288
999578310221734528
999577367746897664
999575865855129984
999573260810408448
999572233080964352
999571962917402880
999571230355432064
999570400996740096
999568599985348224
999567894200928512
999565650504377472
999561548385570944
999553406468750336
999552139009604224
999551454344017536
999551217728696064
999549022077428864
999548440691422080
999547689600291968
999546312685299200
999537050327590528
999537002428889344
999525660307847552
999523677504623744
999522686490683648
999516636696110080
999514994883137152
999513954786871808
999513145936335744
999509407442550528
999508734449398784
999503415301237248
999503317525538944
999502113328214528
999501330209572480
999498647458492928
999498201064123904
999497944661300224
999497594342707200
999497130971541376
999497037752954624
999495145161402624
999489244672238080
999488739826491264
999487022950047232
999485983139876736
999483235342855680
999477970066324608
999477167255345152
999474644545027072
999473662992791296
999473149349584768
999470785395973760
999459093963082880
999455192899198208
999451840875049984
999450596534656512
999447487221819648
999446182800951424
999440363976742400
999438930017163648
999436645187387648
999434009465313920
999432395603127168
999432372518092928
999432152890218112
999430492076480000
999427584359276800
999424574700029184
999416790135121536
999416662314619008
999416421465095168
999414269963566976
999412909688078080
999410152738314624
999406242717346816
999404067440715520
999401046359422336
999401018641268608
999400222453360000
999396650288373248
999391417275469696
999387729460468096
999386634999886848
999384313518187648
999381723775582848
999374504774299648
999371669032160384
999366032891289344
999362938755584512
999362632456770944
999359053861481984
999356398855771392
999353684007232000
999353496195510016
999353096418592512
999352284843308288
999352236140064128
999351100828511744
999350598988463488
999348471428881024
999347224401410432
999343130693401728
999339378365494016
999338371975968512
999333184880431104
999331420705004416
999327110627892608
999327095061185408
999326600959241344
999321505848584320
999319598936267648
999316926308884992
999310495034872960
999308477626239488
999308137429764480
999307384344094208
999304969005703936
999304021290253696
999303828640452736
999301811245573632
999297657890654464
999297214833002624
999296803784236544
999294994904995712
999291482421677184
999289260136844032
999287665389715072
999285855757478016
999284963208462592
999283330195120256
999279860180613632
999279691819818496
999278903503727232
999278271404758272
999277305606603648
999277237137361920
999276652339376768
999276576040128896
999276179175912704
999269243978552064
999264204486394496
999263638705447552
999262090661966592
999253954152544256
999252446969004928
999251056392308608
999250428615774592
999247381211880832
999246568937069696
999246425804233344
999245854576320128
999244831272854528
999239728391388160
999238556045077632
999236937837748224
999234586385471232
999232453081932544
999230159611447424
999229741347109120
999229003554503552
999227795604320128
999227399847993344
999224480040446592
999223822108991360
999221897357021312
999220214330813952
999218543071137792
999216707684961408
999209110041939712
999207285747050240
999204387804780416
999203899702600704
999203196084487168
999200815519126656
999200463192529792
999195729564314624
999195235123282688
999192277930468864
999191118144502912
999188566447501312
999183989523349248
999181027669225600
999178365985187584
999177687703371392
999175581756419584
999174537177824768
999173334121959424
999172020289169792
999165846809148544
999163687146471040
999162244010757376
999160557727594240
999159960195904256
999158311624612864
999156436344966912
999155568176881920
999152188497387136
999149607587792896
999149169660532992
999149087592407168
999148052209702400
999146257148092288
999140144434343168
999139326445946880
999138678655924224
999137464782191616
999136572860618112
999136372750345216
999133929837481984
999133470594594688
999131984281453312
999129625944074240
999128307191134720
999126668685645056
999126354776555520
999125853512099968
999125622206523648
999123756922467456
999121932169501184
999117579656322048
999115886192555264
999114994159055744
999114450328286592
999112931784694912
999108619849912320
999107323725689088
999107088286020608
999106904107675776
999103186873373440
999099458698746240
999097604945588864
999093029649289344
999092940767728128
999092712746972800
999092685647437184
999090777414549504
999089718587045376
999088836107665152
999086816355309568
999086710552511872
999085917911576192
999077600994898944
999071703929350144
999069258544106880
999065575726881280
999065247010826496
999063420177053184
999058852946461568
999058481060936064
999055446345088640
999055400273313408
999054674015471232
999054613624634752
999053666259302912
999048458545185664
999047576601537536
999044820850557568
999043819057022464
999039980665895040
999039589003227520
999034976624745344
999034590381737344
999033397509731840
999031826568154880
999024977367643904
999020640227073280
999017565696770816
999017480055251328
999014317455592320
999012608269793408
999012468765702400
999009052455576448
999007776965957888
