5140511218178442240
5108988893125308416
5096888426088861696
5089342769157540864
5045310047176781824
5015572444350344192
5005082049375692800
4977494529478975488
4964957520760176640
4957696078572521472
4916564793314539520
4894648935378165760
4724719401035094016
4692220115136230400
4682390287726640128
4598473548632848896
4466847925857250816
4461533913077087232
4429247090162515968
4289142888865577472
4220657319395527168
4203101474971437568
4077637934542345728
4047306770930909184
3983065340065435648
3885962469342989312
3786734567303251968
3780031808420658176
3727230610972116992
3684256802636559872
3655155537133327872
3586137337889185280
3506702555983587328
3502147810739835392
3370489207980882944
3340123650708747264
3323500189387758080
3243516088031954432
3222936740220343296
3136218186297203200
3102095779805950464
3053151089715933184
3020251532484100096
3011087565261553664
3009701099448304128
3004212899547298304
3003618609793528832
2988204856281313280
2985628612013375488
2981502677243981312
2495838731785792000
2484578790306679296
2453760337644158976
2452758691398916096
2444754811831277568
2434314445628728320
2416771992539815936
2398158446203272192
2377543221447111680
2354847548738118144
2351124686333058048
2348446567414307328
2329339693162962432
2327815617731865600
2327202430183731712
2307786720082122240
2244341585853980928
2240884642258907648
2225318776926504704
2221653953314221312
2213148326703369216
2207753858984056576
2189517947564562688
2176042221943228160
2172232324638102272
2159483209300600320
2140685216501359872
2120521720398359296
2091455295273865728
2091248283056340736
2081517233729134080
2077411873602292480
2068217579241942272
2053968507268087808
2052411602152557312
2028460918089182720
2001743928398477568
2001086762078381312
1963885459266767104
1962843773456660224
1955821771390772992
1940659760670034176
1933964840314863872
1932781095548023040
1923585661086360320
1907850541120104448
1897548822005011968
1888225472223956992
1886028567191450880
1884563707486548480
1855398617334545920
1841446790792089600
1819910193616953088
1814074156422702080
1805670642948302592
1789504335015037696
1784787356202787840
1769499316419664128
1768676735981999360
1760251449352660224
1757073328248672512
1729236219662158848
1721735646967052544
1716043625738751744
1715663565558876160
1689397883615727104
1680097833715446784
1668055824367083008
1667315005076773120
1658237216281418240
1639502505412072192
1633758774631957504
1627956727637017344
1613688972493105408
1600518666231415040
1587792539378946816
1581305582163675904
1575367888609211392
1570085489776945408
1552554099309819136
1550095660086029312
1545008606949044992
1533542174317350912
1509031764362715136
1498926066939608832
1497324075508210944
1488675316621391360
1483785644340217344
1477934733699946240
1477348447916315136
1476402829619610880
1475725836220975872
1473931668976652544
1469429173077498112
1465682942661776128
1465106220756864000
1454406787367206400
1454227033793696256
1454002707026844160
1450773527295764992
1449851740106539008
1449617309200219904
1448383394650836992
1446607655619030784
1444752608356992000
1443479200240431872
1442436232248316672
1442199996412566784
1435604901812004608
1432622081940326912
1429872271058070784
1427279054929135616
1427220140117373440
1424566080841978368
1423630457589959424
1420584099873097728
1420372895728030720
1417170165198753280
1416558327351794176
1414217791578894336
1410808694438308352
1408597462979623936
1408414551997824512
1406184550968415744
1399358237785202432
1397831102359586560
1396144347409224448
1383607528152678400
1376706315235495680
1376508808159937792
1374454980345675776
1370856346731090944
1370652162943703552
1370647771893258752
1368546985791304704
1358778888436847616
1357477505078108160
1350980152450108928
1349417959177249280
1347949727172322304
1347178252297580032
1346259872526967040
1345104706946139392
1337200716729202176
1335413556886210560
1335131503732922880
1331088222529231360
1327738715635518208
1324687897825945856
1318949464496040960
1317892036025360640
1315525553508984576
1313652983285158912
1309192483187756288
1302127626290921984
1300294213841535744
1299927382233602048
1299165898885839104
1295481692821323264
1295278177363760128
1292341036824771584
1289867952385698304
1288393569756486912
1285568155527547904
1284096086778974720
1282126007010683648
1278378352348098304
1276637602244967168
1275172722498880000
1268709464766284800
1268310974563652608
1264010924149114880
1261634244263611136
1261103227977747456
1249188985674264832
1247356145847108864
1246133809197347840
1245823414307557376
1244436460736342784
1244252430583880192
1238633002445226496
1236865066098402560
1234501368760808704
1232166892068897536
1231206631931779328
1230011538820534784
1223896821513486080
1223649087384949248
1219915613578865920
1217303184641871360
1216299529162291712
1213008247309783808
1212289115016663808
1211848801375938048
1209392102843298304
1208138411843087872
1207593930755113984
1206462103013087744
1206446717278694656
1205242165258589952
1205015802348081664
1203884956962454528
1200154440239975424
1199872952142335488
1197504237471324672
1194637149629561600
1191651225458430720
1188489222946999296
1187688589693892352
1186812767377057536
1186551948861934336
1185977320570610688
1185621848757805056
1185541122776510464
1184624901984644608
1182967845041014272
1181612814207278848
1178882013256177152
1178722564215343360
1177528182262701568
1177355456091413504
1177300744837371136
1174876829671481856
1174529945800647680
1174520383890805248
1170153857679786496
1170083117951552256
1170070485472241920
1168027559534654720
1167878592541225728
1167177228289512704
1165812889108646144
1165779132783119616
1161426411524601088
1152700622463302016
1151009560691044608
1146156569820691968
1138850523036067072
1134476604635832064
1129041757686361216
1126185247320105472
1124037139858870400
1123135004695720064
1114008536292644224
1113796459088670208
1111000610125208064
1108490274221331584
1107946599764276736
1104805910703181312
1100606527758447616
1091684233375106432
1086029084876352128
1085165999919635072
1082664303487694208
1081948395143975168
1077174789906779008
1076331029986240256
1074366012980966912
1063668159961633152
1063466468002487168
1059240408484251264
1055993035830613760
1055177216308946560
1043884443240703744
1041749676079865856
1039940726716692224
1038837344069686272
1038088704454913408
1037740017596020736
1032670109252502144
1030334899565578368
1028656890046513152
1028095255443675520
1016452772500310016
1015436767381190784
1015435729205346432
1007948052899355904
1007048658811613824
1001587668274450432
995839853288966912
994013792008756992
990720000959826048
990090945400798720
986894849969431680
978713499095194752
976801494110878720
968162148162055424
964093216813513728
961728834543307904
958935281947433088
955426958137822848
954757392928886016
952571765963875328
943300402879759872
943282381641406720
937698473998219904
936951621353645696
935708722334923776
935491375593418624
932389881722035200
930413886300006400
926530909230181760
924852312251288960
923946316709119360
923744866019218816
903330602848236800
902181517656558336
898488891219871616
895785319598698240
895661638411267584
892977176327351040
887019642393835776
886645420934566784
885519236604986880
883479485840858752
883048835566040704
881805695080262144
879235026168342912
870493742723243648
868813760626528768
868371661669324160
867132593143859328
863036474057582464
854232173132928256
854219331131121152
851908911294776832
849693523073719552
844777626365459584
840087873449859072
836843963199671552
836743121110229632
829743161428040064
827963570422658304
826046157891698048
825506502097523456
823099183899441536
823013110803053056
818431210222391168
816843579699585280
815499747956443392
810997486261767936
808597228921020416
806690157197248512
805701243929143040
804928399281380992
803441186557166080
802906624121530752
802252212237507968
802171492884056320
800404356503725568
798174939404405504
797124948966744192
794963718950811904
794488093803759232
794487380036645504
793814085187288960
793529584862839680
792818575209465088
791697931572497024
790090950257542784
790060814383310464
789785731797493376
789420335771874944
789140249694418816
788060479373924992
787999048644291200
787695193562538752
787073825687043968
786933597133688960
786828767280048768
786714523474201728
785752118842267136
785534865280777344
785431301891948160
785195396615114368
785016631332081664
784923985606077568
784287169303689344
783986892136027904
783944014004963328
783842481354216192
783727772844684672
783684447947577728
783263261933541376
783246581189681920
783242251127468288
783135147172886272
782759643229265792
782233848805782272
782186420238301696
781596569426792320
781263982201004672
781133127547184640
781126353466628608
780751661211397376
780679409496400256
780674040490634880
780567415074484352
780448069974998272
780007656498906752
779694277413443584
779296850061641088
778985677817482240
778959977958755456
778911340756822016
778453529950251904
778413778884530816
778257326557798272
778096005641820032
777739854987962496
777369049881991168
777171095405290752
777025151076937088
776926976176610176
776833702524664960
776397898559491584
776107290721997184
775866132857639296
775514521293136640
774727642279505920
774395109520744704
774341325734636288
774232463143961216
774156441753145728
773573589289839616
773470264074381440
773392795089597184
773062796059962880
772845291230306560
772741232603060736
772146371664328448
772132091056817024
771906885630274816
771860353437443200
771569018984623360
770931337789398656
770600846041460096
770446180289108992
770411484590861696
770311096881103872
770269878151832960
770058357843905152
769956867895351936
769216859212843392
769039814423550976
768676605418603520
768331957210794624
767914899432720384
767848753618156800
767819652181964288
767341103763507968
766290513772408832
765946390218998656
765857278063008896
765470092174880256
765161134251987072
765114073914772992
765100582782146304
765026469704858112
764999940028824192
764897298198867200
764606589331962880
764401896263251712
764275077234090624
764240541542904064
763851386684860928
763613191054119424
763468047002756992
763407205447672064
762894588693217152
762703051511563136
762559392415315200
762204258918022656
761734825912649728
761402587929095296
760825576204559872
760752087124487296
760306104789953664
760078359939998464
759852292086482944
759708371445494528
759442507876495488
759009351876519936
758354118838286464
758211920018974464
757900558825499904
757830198117013632
757639056881565952
757628196947275648
756335002872137088
755649668684920576
749639370836081536
749154987683681920
745822187816541952
742620104559296256
741829223949660928
740387177991161984
739990890902834688
739344269182194816
738995828014932864
738336875205279104
738027445999088640
737542110206044416
733456467362522112
731549867049307136
731086529347190784
725323522022469120
723868371321166720
722261386910595072
721501336324437632
721311662235558400
718132730023209856
717370756160050432
717205067214123264
715548622573972736
715360068143668992
714892935489764608
712921376066551040
711469218919053952
710914663211180800
710366871466334208
707991266740366336
705407748274821888
701162417598830080
699537326159446144
697354498040853632
697095219754873344
696347735487536768
695246113030623872
693584660614966272
693300194164060672
691929553336809216
690449653648948352
683662172326701184
682809596838498944
681657247640990720
679196678820034560
677741734911459712
676966405246414720
674670953260232320
673892918166147840
673340884485076992
672826296077396480
670711136041419776
664154845743584512
664022793830939264
663871010950408320
663508314141367808
662944608135460608
661954640701581440
658733372633070464
657953237857914880
657058202198272128
656331773435205376
656119249795638912
650639802168056064
650125625234384000
649455904197558272
648595341758416384
644439094624598656
642979440189779584
640314535123054720
640246495200464896
639396516641552000
639064161392265216
638768078440862464
637472792621531520
636216623118424064
631016522326513792
630779511884793216
629174245628345984
626731249285930112
626505112320834560
624861347134800512
624322269859835392
620639592099419264
620194624751505280
619734491913356288
617444147051177344
616654187871560832
615427704631523072
615016699329200384
614441637192925312
609357705645253760
607501288555893760
607460939523918720
606066116832328832
604935686822993280
604506631055034880
603993165633091456
603928303441108736
603541864813269760
601494956095592320
599835146524643456
598611091665679232
597144116252970752
596501402552669952
596153398625597824
593196511257206912
592706023620870784
591027013071138304
590718336643285760
586802025285862400
586417606164199040
584810505906933888
583367630892069376
582042688713736704
579423610215581568
578967062315803520
578949647794388224
577025195878041856
574079043143549312
573945832680027776
573145663340915072
572279369571023296
572175566023436352
571115763079257920
570153961081290240
568400285123532160
566721856154640128
565517940889978880
565405856992423296
564098913829226176
563338761422257600
563153825915579968
562893388656038976
561661330326379648
557302485199152064
556640732432889152
549037130786171648
547902355222025216
547886872585028992
546736823927889280
546611159695780992
545957748745167808
545449442705154688
544305532750570944
543478463369000320
542718543638500224
542490597378577856
542030029610300224
540113814317139008
540091582266420096
538874639617432448
537814257390219392
537605141397417344
537403941451704000
537339388738439872
536747542039139456
533844199990882624
532408698296288768
531394302825370048
530025156305506496
527544095636414336
524620691992437120
522637371450001664
521673642509607552
520755689333363264
519464312828543552
517634930195817280
516787179271140928
515651874594328256
514724204608251328
514369711885798720
513102269874262016
511114796912746176
511109328937973312
511052464245475456
510969173730123072
508467269973909312
505117406890426752
504681154834611392
503507525788272192
503302323828999552
502546379201542336
501659686449152256
501571588112240576
501512904948593344
498219824422447680
497385556599285888
494893575287342464
494160855040182784
492813485611688576
492699921922543424
490552013656257344
488819050501191616
488510740930394176
487995259852601152
487931216024242688
485947753181368320
485238487683456192
484340435152896128
483873388299503232
482525327379412736
482005787206366912
479928895596820864
479283495608668928
479172189280434240
478246008921472384
476380083488675520
475380152798282304
471920253586120192
471668510266780928
471305773272788160
470798058319286592
470258734105077376
468729431971885760
468590323724874432
466606196070951808
466598582293274112
465283674324876480
465134780225122944
463345228523339456
462283915318094016
460673824652291456
460366139246050880
460055882154443968
456617006274342784
456606670660761216
455715547488945408
455317451116128256
454185485866384384
451671388668654976
450704213771304512
449763392245774208
448839167403697984
448021198184496640
446460535721394880
445746417034344192
445574431320501184
445136122809501888
444888425557739584
442862094236606016
441535018212458816
441473473270289536
441102917599145024
438860894827727424
438037172724070080
437632486699822848
437016917548218304
435989901254796160
434999206392218880
434439582355243200
433396487765007616
433137820191837632
432602693216334848
431153371493793984
430386216909936512
427056063029030656
426764723676554752
426551456156546176
424365401528464896
421069968615079936
420863659388043776
420411081702153024
419836536779337728
418215958878035008
417155518844211136
416044530826849920
415677239520316736
414774745648892736
414587846452287616
414207682590531840
413059311260269568
412264039111418048
411648144290484288
411538599556064448
410714779954198016
410663242854457024
408982226841677440
408540600644992064
407340569189853120
406591381200154176
404399455152702848
403733957427926592
403582169699723328
401953549058912704
401698028667406656
400824682348645696
400300312082102848
397653811001643456
397151412827763968
396295802687670144
395809405827845184
394845903002529216
394334305611427776
393716284820545408
391864473803208896
391856594827278272
391115155313458560
391004342137037120
390252813584429824
390216722144376128
389591588148965248
386466393342175168
386182045467363392
386140537309094144
385535799084830464
385309155843813952
383839724681061952
383530977751496832
382034998885693760
380224864833683200
379994253358281984
379231054490546624
377781736451517248
375752825967374080
375049889960329536
373709504145789760
373475906835670592
372629598749401984
372523279381941824
372303539427930752
370579502875652672
367870411075316480
367585615177188160
366298306370314880
365391462955678400
365094803393947136
364710713512843648
364490943520111168
364316781482420096
362272292820747008
361875558097025536
360555082206442112
358756672763230272
358179795889775936
357750153211091840
356440808722852160
355647016085602432
355634132909085312
354817197997837824
352705614460341440
352674396042554112
351949699181463424
350949045116591168
350450738860778240
350396568428520768
349949855631154624
347834527105710272
347687536071475648
347595484746839296
346730555690683328
346641522216708800
345869222748470592
343659554637556608
343462191301893248
343365741605889152
343058320880821824
342650649130668032
341251288267537728
340778481295810816
339527855747466624
338953380532443456
338907735081918464
338106296834641792
338037586946521792
337342557546421312
335617000815523328
335226666384938560
334842973256411520
333416509172385216
331954150841986688
330885780415911872
329972336182845696
329952068240332160
329892264133291200
329811645379992000
329287341525280768
329156851576209536
328889063766838016
328281174355520896
327863946721320896
326438057728816832
325238891237737152
323492156359517056
322241511833835200
321567459802575040
321556723482278976
321164523300057984
320169762902422080
319426626138416256
317683530858614080
316808811331197504
316490762096186560
316216587008980480
315310143786840128
314602017655270528
314565669108732544
313773003705798272
313583008197892224
313167271660722752
312439687375114304
312342542111374592
311250188461940160
310548206229178368
310451053895404352
309808587746331520
309711638858045504
308108530498464128
307431135880640832
307056966204499648
305540886758991616
304787595521371136
304776023200321408
304724605948639040
304721163706055360
304653118177037312
304353306746763200
304283032912742144
304018041271428480
303994766745094912
303981822654785472
303637120086238336
303258764871258176
303241543902712640
302974741348811776
302292182154045440
302281750458089536
301452588861984000
301444344599129472
301422135611685824
301142997641973952
301069140467531712
300393151247233344
300115892434965888
299499637590054016
299292203642530368
299252953883391104
298825399203522496
298702525402557696
298412050458025920
298361248864330304
298282348065206784
298280192883510016
297830093100942912
297037748118995136
297011709080735104
296192983909083904
296043836098267712
295505852940180544
295243360859918784
295066775569221760
295017521918665408
294690383471473600
294578720912417408
294556810615871808
294149952991177664
293784699717145152
293692590661579072
