400000000000000000000
300000000000000000000
32142183435664846848
26579924232665235456
22345374150513377280
19121609535483904000
16667356287442274304
14798932340656111616
13376500467454109696
12293602532335466496
11469191915576397824
10841567794240710656
10363757307967565824
10000000000000000000
4726873759001099264
4473922744419894784
4237285303408345600
4015909324422030336
3808810549762123264
3615068199476289024
3433820877487450112
3264262741748614656
3105639921395997184
2957247164970706944
2818424704806752256
2688555323644099072
2567061610424704000
2453403393070530560
2347075336829460480
2247604697511104768
2154549219623222016
2067495170063653120
1986055498625386752
1909868117136209152
1838594289581815040
1771917126054740480
1709540173833066240
1651186099324706304
1596595455017081088
1545525525949920512
1497749250582522880
1453054211257528320
1411241689772732928
1372125783861922048
1335532580656519168
1301299383453183744
1269273988349498112
1239314007531602944
1211286236205048832
1185066060354188544
1160536902696951296
1137589704371664128
1116122440051452288
1096039664330373760
1077252087364481792
1059676177881070336
1043233791791055872
1027851824753260416
1013461887145876736
1000000000000000000
9638297872340430
9629098407087670
9619898941834910
9610699476582154
9601500011329394
9592300546076636
9583101080823878
9573901615571118
9564702150318360
9555502685065602
9546303219812842
9537103754560082
9527904289307324
9518704824054566
9509505358801808
9500305893549048
9491106428296290
9481906963043532
9472707497790772
9463508032538012
9454308567285256
9445109102032498
9435909636779738
9426710171526980
9417510706274220
9408311241021460
9399111775768704
9389912310515944
9380712845263186
9371513380010426
9362313914757668
9353114449504910
9343914984252150
9334715518999392
9325516053746632
9316316588493874
9307117123241116
9297917657988358
9288718192735598
9279518727482838
9270319262230082
9261119796977322
9251920331724564
9242720866471806
9233521401219046
9224321935966288
9215122470713528
9205923005460770
9196723540208010
9187524074955252
9178324609702494
9169125144449736
9159925679196976
9150726213944218
9141526748691460
9132327283438700
9123127818185940
9113928352933182
9104728887680424
9095529422427666
9086329957174908
9077130491922148
9067931026669388
9058731561416630
9049532096163872
9040332630911114
9031133165658354
9021933700405596
9012734235152838
9003534769900078
8994335304647320
8985135839394561
8975936374141801
8966736908889043
8957537443636285
8948337978383526
8939138513130766
8929939047878010
8920739582625251
8911540117372491
8902340652119731
8893141186866974
8883941721614216
8874742256361456
8865542791108698
8856343325855939
8847143860603181
8837944395350423
8828744930097663
8819545464844904
8810345999592144
8801146534339388
8791947069086628
8782747603833869
8773548138581111
8764348673328351
8755149208075593
8745949742822834
8736750277570076
8727550812317316
8718351347064557
8709151881811801
8699952416559041
8690752951306282
8681553486053522
8672354020800766
8663154555548006
8653955090295247
8644755625042489
8635556159789729
8626356694536971
8617157229284213
8607957764031454
8598758298778694
8589558833525936
8580359368273179
8571159903020419
8561960437767659
8552760972514901
8543561507262144
8534362042009384
8525162576756624
8515963111503867
8506763646251107
8497564180998349
8488364715745591
8479165250492832
8469965785240072
8460766319987314
8451566854734556
8442367389481797
8433167924229037
8423968458976279
8414768993723521
8405569528470762
8396370063218004
8387170597965244
8377971132712485
8368771667459727
8359572202206969
8350372736954209
8341173271701450
8331973806448694
8322774341195934
8313574875943175
8304375410690417
8295175945437657
8285976480184899
8276777014932140
8267577549679382
8258378084426622
8249178619173864
8239979153921106
8230779688668347
8221580223415587
8212380758162829
8203181292910070
8193981827657312
8184782362404552
8175582897151795
8166383431899035
8157183966646277
8147984501393517
8138785036140760
8129585570888000
8120386105635240
8111186640382484
8101987175129725
8092787709876965
8083588244624207
8074388779371449
8065189314118690
8055989848865930
8046790383613172
8037590918360413
8028391453107655
8019191987854897
8009992522602137
8000793057349378
7991593592096620
7982394126843862
7973194661591103
7963995196338343
7954795731085585
7945596265832825
7936396800580068
7927197335327310
7917997870074550
7908798404821791
7899598939569033
7890399474316275
7881200009063515
7872000543810756
7862801078557998
7853601613305240
7844402148052480
7835202682799722
7826003217546963
7816803752294205
7807604287041446
7798404821788687
7789205356535928
7780005891283169
7770806426030411
7761606960777653
7752407495524893
7743208030272134
7734008565019377
7724809099766618
7715609634513859
7706410169261099
7697210704008341
7688011238755581
7678811773502824
7669612308250065
7660412842997306
7651213377744549
7642013912491789
7632814447239030
7623614981986272
7614415516733512
7605216051480753
7596016586227996
7586817120975237
7577617655722478
7568418190469718
7559218725216961
7550019259964202
7540819794711443
7531620329458684
7522420864205926
7513221398953168
7504021933700408
7494822468447650
7485623003194890
7476423537942132
7467224072689374
7458024607436615
7448825142183856
7439625676931096
7430426211678338
7421226746425581
7412027281172821
7402827815920062
7393628350667304
7384428885414546
7375229420161786
7366029954909027
7356830489656269
7347631024403510
7338431559150752
7329232093897992
7320032628645234
7310833163392475
7301633698139716
7292434232886958
7283234767634199
7274035302381440
7264835837128681
7255636371875923
7246436906623165
7237237441370405
7228037976117646
7218838510864889
7209639045612130
7200439580359371
7191240115106612
7182040649853853
7172841184601094
7163641719348336
7154442254095577
7145242788842818
7136043323590060
7126843858337301
7117644393084543
7108444927831784
7099245462579024
7090045997326266
7080846532073508
7071647066820749
7062447601567989
7053248136315231
7044048671062473
7034849205809714
7025649740556955
7016450275304196
7007250810051438
6998051344798680
6988851879545920
6979652414293162
6970452949040402
6961253483787644
6952054018534886
6942854553282127
6933655088029368
6924455622776609
6915256157523851
6906056692271092
6896857227018333
6887657761765574
6878458296512816
6869258831260058
6860059366007298
6850859900754539
6841660435501781
6832460970249022
6823261504996264
6814062039743505
6804862574490746
6795663109237988
6786463643985228
6777264178732471
6768064713479711
6758865248226952
6749665782974193
6740466317721436
6731266852468677
6722067387215917
6712867921963159
6703668456710400
6694468991457642
6685269526204883
6676070060952124
6666870595699366
6657671130446606
6648471665193848
6639272199941090
6630072734688330
6620873269435572
6611673804182813
6602474338930055
6593274873677295
6584075408424536
6574875943171779
6565676477919020
6556477012666261
6547277547413501
6538078082160744
6528878616907985
6519679151655226
6510479686402467
6501280221149708
6492080755896950
6482881290644192
6473681825391433
6464482360138674
6455282894885914
6446083429633156
6436883964380398
6427684499127639
6418485033874880
6409285568622121
6400086103369363
6390886638116604
6381687172863845
6372487707611087
6363288242358328
6354088777105570
6344889311852810
6335689846600052
6326490381347293
6317290916094534
6308091450841776
6298891985589017
6289692520336258
6280493055083499
6271293589830741
6262094124577983
6252894659325223
6243695194072464
6234495728819706
6225296263566948
6216096798314189
6206897333061429
6197697867808671
6188498402555912
6179298937303154
6170099472050395
6160900006797636
6151700541544878
6142501076292119
6133301611039360
6124102145786601
6114902680533842
6105703215281084
6096503750028326
6087304284775567
6078104819522807
6068905354270048
6059705889017291
6050506423764532
6041306958511773
6032107493259014
6022908028006256
6013708562753497
6004509097500738
5995309632247980
5986110166995220
5976910701742462
5967711236489703
5958511771236945
5949312305984186
5940112840731426
5930913375478668
5921713910225910
5912514444973151
5903314979720392
5894115514467634
5884916049214875
5875716583962116
5866517118709357
5857317653456599
5848118188203840
5838918722951081
5829719257698322
5820519792445564
5811320327192805
5802120861940046
5792921396687288
5783721931434529
5774522466181770
5765323000929011
5756123535676253
5746924070423495
5737724605170735
5728525139917977
5719325674665218
5710126209412459
5700926744159701
5691727278906942
5682527813654184
5673328348401424
5664128883148666
5654929417895907
5645729952643148
5636530487390390
5627331022137630
5618131556884873
5608932091632113
5599732626379355
5590533161126596
5581333695873837
5572134230621079
5562934765368319
5553735300115561
5544535834862803
5535336369610044
5526136904357285
5516937439104526
5507737973851768
5498538508599008
5489339043346250
5480139578093492
5470940112840733
5461740647587974
5452541182335215
5443341717082457
5434142251829698
5424942786576939
5415743321324181
5406543856071422
5397344390818663
5388144925565904
5378945460313146
5369745995060387
5360546529807628
5351347064554869
5342147599302111
5332948134049352
5323748668796594
5314549203543835
5305349738291076
5296150273038317
5286950807785558
5277751342532801
5268551877280041
5259352412027283
5250152946774523
5240953481521765
5231754016269007
5222554551016247
5213355085763489
5204155620510730
5194956155257972
5185756690005212
5176557224752454
5167357759499696
5158158294246936
5148958828994178
5139759363741419
5130559898488661
5121360433235902
5112160967983143
5102961502730385
5093762037477625
5084562572224867
5075363106972108
5066163641719350
5056964176466591
5047764711213831
5038565245961074
5029365780708314
5020166315455556
5010966850202797
5001767384950039
4992567919697280
4983368454444520
4974168989191763
4964969523939004
4955770058686245
4946570593433486
4937371128180728
4928171662927969
4918972197675210
4909772732422451
4900573267169693
4891373801916934
4882174336664175
4872974871411417
4863775406158658
4854575940905899
4845376475653140
4836177010400382
4826977545147623
4817778079894864
4808578614642106
4799379149389347
4790179684136588
4780980218883829
4771780753631071
4762581288378313
4753381823125553
4744182357872795
4734982892620036
4725783427367277
4716583962114518
4707384496861759
4698185031609002
4688985566356242
4679786101103484
4670586635850725
4661387170597966
4652187705345208
4642988240092448
4633788774839690
4624589309586931
4615389844334173
4606190379081413
4596990913828655
4587791448575897
4578591983323137
4569392518070379
4560193052817620
4550993587564862
4541794122312103
4532594657059344
4523395191806586
4514195726553826
4504996261301068
4495796796048309
4486597330795551
4477397865542792
4468198400290032
4458998935037274
4449799469784516
4440600004531757
4431400539278998
4422201074026239
4413001608773481
4403802143520721
4394602678267963
4385403213015205
4376203747762446
4367004282509687
4357804817256928
4348605352004170
4339405886751412
4330206421498652
4321006956245893
4311807490993135
4302608025740376
4293408560487618
4284209095234859
4275009629982101
4265810164729341
4256610699476582
4247411234223824
4238211768971065
4229012303718307
4219812838465547
4210613373212790
4201413907960030
4192214442707271
4183014977454513
4173815512201754
4164616046948996
4155416581696236
4146217116443479
4137017651190719
4127818185937960
4118618720685202
4109419255432443
4100219790179685
4091020324926925
4081820859674167
4072621394421409
4063421929168649
4054222463915891
4045022998663132
4035823533410374
4026624068157615
4017424602904856
4008225137652098
3999025672399338
3989826207146580
3980626741893821
3971427276641063
3962227811388304
3953028346135545
3943828880882787
3934629415630027
3925429950377269
3916230485124510
3907031019871752
3897831554618993
3888632089366235
3879432624113475
3870233158860716
3861033693607958
3851834228355199
3842634763102441
3833435297849682
3824235832596923
3815036367344164
3805836902091405
3796637436838647
3787437971585888
3778238506333130
3769039041080371
3759839575827612
3750640110574853
3741440645322095
3732241180069336
3723041714816577
3713842249563819
3704642784311060
3695443319058301
3686243853805543
3677044388552783
3667844923300025
3658645458047266
3649445992794508
3640246527541749
3631047062288991
3621847597036231
3612648131783472
3603448666530714
3594249201277955
3585049736025197
3575850270772438
3566650805519680
3557451340266920
3548251875014161
3539052409761403
3529852944508644
3520653479255886
3511454014003127
3502254548750368
3493055083497609
3483855618244851
3474656152992092
3465456687739333
3456257222486575
3447057757233816
3437858291981057
3428658826728299
3419459361475539
3410259896222781
3401060430970022
3391860965717264
3382661500464505
3373462035211747
3364262569958988
3355063104706228
3345863639453470
3336664174200711
3327464708947953
3318265243695194
3309065778442436
3299866313189676
3290666847936917
3281467382684159
3272267917431400
3263068452178642
3253868986925883
3244669521673125
3235470056420365
3226270591167606
3217071125914848
3207871660662089
3198672195409331
3189472730156572
3180273264903813
3171073799651055
3161874334398296
3152674869145537
3143475403892778
3134275938640020
3125076473387261
3115877008134503
3106677542881744
3097478077628985
3088278612376226
3079079147123467
3069879681870709
3060680216617950
3051480751365192
3042281286112433
3033081820859674
3023882355606915
3014682890354156
3005483425101398
2996283959848639
2987084494595881
2977885029343121
2968685564090363
2959486098837604
2950286633584845
2941087168332087
2931887703079328
2922688237826569
2913488772573810
2904289307321052
2895089842068293
2885890376815534
2876690911562776
2867491446310017
2858291981057258
2849092515804500
2839893050551741
2830693585298982
2821494120046223
2812294654793465
2803095189540706
2793895724287948
2784696259035189
2775496793782430
2766297328529671
2757097863276912
2747898398024154
2738698932771395
2729499467518637
2720300002265877
2711100537013119
2701901071760360
2692701606507601
2683502141254843
2674302676002084
2665103210749326
2655903745496566
2646704280243809
2637504814991049
2628305349738290
2619105884485532
2609906419232773
2600706953980014
2591507488727256
2582308023474497
2573108558221738
2563909092968979
2554709627716221
2545510162463462
2536310697210704
2527111231957945
2517911766705186
2508712301452427
2499512836199668
2490313370946910
2481113905694151
2471914440441393
2462714975188634
2453515509935875
2444316044683116
2435116579430357
2425917114177599
2416717648924840
2407518183672082
2398318718419322
2389119253166564
2379919787913805
2370720322661046
2361520857408288
2352321392155529
2343121926902771
2333922461650012
2324722996397254
2315523531144494
2306324065891735
2297124600638977
2287925135386218
2278725670133460
2269526204880701
2260326739627942
2251127274375183
2241927809122424
2232728343869666
2223528878616907
2214329413364149
2205129948111389
2195930482858631
2186731017605872
2177531552353113
2168332087100355
2159132621847596
2149933156594838
2140733691342078
2131534226089319
2122334760836562
2113135295583803
2103935830331044
2094736365078285
2085536899825526
2076337434572768
2067137969320009
2057938504067250
2048739038814491
2039539573561732
2030340108308975
2021140643056216
2011941177803457
2002741712550697
1993542247297940
1984342782045181
1975143316792422
1965943851539663
1956744386286904
1947544921034146
1938345455781387
1929145990528628
1919946525275869
1910747060023110
1901547594770353
1892348129517594
1883148664264834
1873949199012076
1864749733759318
1855550268506559
1846350803253800
1837151338001041
1827951872748282
1818752407495524
1809552942242765
1800353476990006
1791154011737247
1781954546484488
1772755081231731
1763555615978972
1754356150726212
1745156685473454
1735957220220696
1726757754967937
1717558289715178
1708358824462419
1699159359209660
1689959893956902
1680760428704143
1671560963451384
1662361498198625
1653162032945866
1643962567693109
1634763102440350
1625563637187591
1616364171934832
1607164706682074
1597965241429315
1588765776176556
1579566310923797
1570366845671038
1561167380418281
1551967915165521
1542768449912762
1533568984660003
1524369519407244
1515170054154487
1505970588901728
1496771123648969
1487571658396210
1478372193143452
1469172727890693
1459973262637934
1450773797385175
1441574332132416
1432374866879659
1423175401626899
1413975936374140
1404776471121381
1395577005868622
1386377540615865
1377178075363106
1367978610110347
1358779144857588
1349579679604830
1340380214352071
1331180749099312
1321981283846553
1312781818593794
1303582353341036
1294382888088277
1285183422835518
1275983957582759
1266784492330002
1257585027077243
1248385561824484
1239186096571725
1229986631318966
1220787166066208
1211587700813449
1202388235560690
1193188770307931
1183989305055172
1174789839802414
1165590374549655
1156390909296896
1147191444044137
1137991978791380
1128792513538621
1119593048285862
1110393583033103
1101194117780343
1091994652527586
1082795187274827
1073595722022068
1064396256769309
1055196791516550
1045997326263792
1036797861011033
1027598395758274
1018398930505515
1009199465252758
1000000000000000
