5200000000000000000
5100000000000000000
5000000000000000000
4900000000000000000
4800000000000000000
4700000000000000000
4600000000000000000
4500000000000000000
4400000000000000000
4300000000000000000
4200000000000000000
4100000000000000000
4000000000000000000
3900000000000000000
3800000000000000000
3700000000000000000
3600000000000000000
3500000000000000000
3400000000000000000
3300000000000000000
3200000000000000000
3100000000000000000
3000000000000000000
2900000000000000000
2800000000000000000
2700000000000000000
2600000000000000000
2500000000000000000
2400000000000000000
2300000000000000000
2200000000000000000
2100000000000000000
2000000000000000000
1900000000000000000
1800000000000000000
1700000000000000000
1600000000000000000
1500000000000000000
1400000000000000000
1300000000000000000
1200000000000000000
1100000000000000000
1000000000000000000
900000000000000000
800000000000000000
700000000000000000
600000000000000000
500000000000000000
400000000000000000
300000000000000000