ПЊЪМЪфГіЭъећЪ§Он...
ЪфШыЮФМў: D:\ВЉвЛ\BrokerHub\code\BrokerHub\BrokerHub_exp\exper\../result/output\simulation_results_trump_20w_300_diff_final_balance2.json
ЪфГіЗЖЮЇ: Epoch 0-90

=== ЭъећЪ§ОнЪфГі (Epoch 0-90) ===

========================================================================================================================
LiquidityPool1 - ЭъећЪ§Он (Epoch 0-90)
========================================================================================================================
Epoch  MFR(%)   Rank   Participation(%) Pool Revenue(%) Stakeholder Revenue(%) Pool Net Revenue(%) Total Funds(ETH)
------------------------------------------------------------------------------------------------------------------------
0      15.00    62     0.10            0.393           0.000                0.000              0.00            
1      7.50     31     23.98           0.360           0.594                0.027              1.27            
2      7.50     16     24.48           0.208           0.215                0.016              8.38            
3      5.00     7      23.98           0.181           0.308                0.009              1.27            
4      5.00     7      43.06           0.226           0.227                0.011              17.68           
5      7.39     3      65.33           0.303           0.283                0.022              136.87          
6      11.11    3      81.92           0.278           0.248                0.031              262.84           >>80%
7      11.06    3      99.50           0.292           0.261                0.032              271.17           >>>90%
8      11.02    3      99.70           0.520           0.464                0.057              298.99           >>>90%
9      10.97    2      99.80           0.881           0.787                0.097              300.00           >>>90%
10     10.92    1      99.90           2.697           2.406                0.294              600.00           >>>90%
11     19.79    1      100.00          1.570           1.261                0.311              1000.00          >>>90%
12     35.70    1      100.00          2.532           1.630                0.904              1000.00          >>>90%
13     64.11    1      100.00          1.771           0.636                1.136              1000.00          >>>90%
14     99.00    4      0.20            0.552           0.011                0.547              1.01            
15     79.07    4      0.10            0.706           0.000                0.000              0.00            
16     99.00    3      0.10            0.623           0.000                0.000              0.00            
17     49.50    2      0.10            0.595           0.000                0.000              0.00            
18     24.75    2      0.10            0.417           0.000                0.000              0.00            
19     12.38    2      0.10            0.567           0.000                0.000              0.00            
------------------------------------------------------------------------------------------------------------------------

LiquidityPool1 (ај) - Epoch 20 to 39
------------------------------------------------------------------------------------------------------------------------
Epoch  MFR(%)   Rank   Participation(%) Pool Revenue(%) Stakeholder Revenue(%) Pool Net Revenue(%) Total Funds(ETH)
------------------------------------------------------------------------------------------------------------------------
20     6.19     2      0.10            0.779           0.000                0.000              0.00            
21     5.00     2      0.10            0.892           0.000                0.000              0.00            
22     5.00     2      0.10            0.792           0.000                0.000              0.00            
23     5.00     2      0.10            0.799           0.000                0.000              0.00            
24     5.00     2      0.10            0.622           0.000                0.000              0.00            
25     5.00     3      0.10            0.581           0.000                0.000              0.00            
26     5.00     2      0.10            0.744           0.000                0.000              0.00            
27     5.00     2      0.10            1.063           0.000                0.000              0.00            
28     5.00     1      99.90           3.742           3.560                0.187              700.00           >>>90%
29     7.00     1      99.90           3.341           3.112                0.234              700.00           >>>90%
30     9.00     1      100.00          2.267           2.065                0.204              1000.00          >>>90%
31     99.00    16     68.63           0.670           0.009                0.664              3.67            
32     11.84    7      69.63           0.893           0.835                0.106              16.83           
33     11.78    3      73.23           1.424           1.269                0.168              104.80           >70%
34     11.72    2      82.82           1.399           1.239                0.164              299.12           >>80%
35     11.66    1      89.91           3.980           3.522                0.464              567.35           >>80%
36     11.61    1      94.81           2.238           1.981                0.260              999.76           >>>90%
37     11.55    1      100.00          2.107           1.866                0.243              1000.00          >>>90%
38     11.49    1      100.00          3.224           2.856                0.370              1000.00          >>>90%
39     11.43    1      100.00          3.549           3.146                0.406              1000.00          >>>90%
------------------------------------------------------------------------------------------------------------------------

LiquidityPool1 (ај) - Epoch 40 to 59
------------------------------------------------------------------------------------------------------------------------
Epoch  MFR(%)   Rank   Participation(%) Pool Revenue(%) Stakeholder Revenue(%) Pool Net Revenue(%) Total Funds(ETH)
------------------------------------------------------------------------------------------------------------------------
40     18.07    1      100.00          1.982           1.626                0.358              1000.00          >>>90%
41     28.40    1      100.00          1.605           1.150                0.456              1000.00          >>>90%
42     44.41    1      98.80           2.537           1.413                1.126              438.27           >>>90%
43     35.35    1      100.00          1.844           1.193                0.652              1000.00          >>>90%
44     35.17    1      100.00          1.661           1.078                0.584              1000.00          >>>90%
45     54.15    1      98.70           2.167           0.995                1.173              660.02           >>>90%
46     43.10    1      100.00          1.286           0.732                0.554              1000.00          >>>90%
47     42.88    1      98.60           1.345           0.769                0.576              965.59           >>>90%
48     42.65    1      100.00          1.336           0.767                0.570              1000.00          >>>90%
49     42.43    1      99.80           1.402           0.808                0.595              997.40           >>>90%
50     63.64    1      98.00           4.130           1.504                2.628              543.72           >>>90%
51     94.95    3      1.50            0.430           0.022                0.408              31.84           
52     98.15    6      1.10            0.278           0.005                0.273              21.90           
53     84.20    5      0.50            0.446           0.078                0.375              9.82            
54     65.14    4      0.10            0.360           0.000                0.000              0.00            
55     88.41    3      0.10            0.528           0.000                0.000              0.00            
56     44.20    2      0.10            0.456           0.000                0.000              0.00            
57     22.10    2      0.10            0.272           0.000                0.000              0.00            
58     11.05    2      0.10            0.216           0.000                0.000              0.00            
59     5.53     2      0.10            0.367           0.000                0.000              0.00            
------------------------------------------------------------------------------------------------------------------------

LiquidityPool1 (ај) - Epoch 60 to 79
------------------------------------------------------------------------------------------------------------------------
Epoch  MFR(%)   Rank   Participation(%) Pool Revenue(%) Stakeholder Revenue(%) Pool Net Revenue(%) Total Funds(ETH)
------------------------------------------------------------------------------------------------------------------------
60     5.00     2      0.10            0.495           0.000                0.000              0.00            
61     5.00     2      0.10            0.409           0.000                0.000              0.00            
62     5.00     2      0.10            0.270           0.000                0.000              0.00            
63     5.00     3      0.10            0.186           0.000                0.000              0.00            
64     5.00     2      0.10            0.199           0.000                0.000              0.00            
65     5.00     2      0.10            0.457           0.000                0.000              0.00            
66     5.00     2      19.88           0.391           0.375                0.020              102.57          
67     5.00     2      19.88           0.304           0.292                0.015              102.57          
68     5.00     2      19.88           0.323           0.310                0.016              102.57          
69     5.00     2      14.69           0.279           0.269                0.014              71.94           
70     5.00     2      9.79            0.953           0.922                0.048              52.79           
71     5.00     2      5.69            0.839           0.827                0.042              26.69           
72     5.00     2      0.10            0.711           0.000                0.000              0.00            
73     5.25     2      0.10            0.516           0.000                0.000              0.00            
74     5.00     2      0.10            0.690           0.000                0.000              0.00            
75     5.00     1      93.01           1.661           1.580                0.083              984.16           >>>90%
76     5.17     1      96.20           1.880           1.785                0.097              987.51           >>>90%
77     5.14     1      98.40           2.021           1.919                0.104              999.90           >>>90%
78     5.10     1      100.00          1.982           1.883                0.101              1000.00          >>>90%
79     5.07     1      100.00          1.279           1.215                0.065              1000.00          >>>90%
------------------------------------------------------------------------------------------------------------------------

LiquidityPool1 (ај) - Epoch 80 to 90
------------------------------------------------------------------------------------------------------------------------
Epoch  MFR(%)   Rank   Participation(%) Pool Revenue(%) Stakeholder Revenue(%) Pool Net Revenue(%) Total Funds(ETH)
------------------------------------------------------------------------------------------------------------------------
80     6.39     1      100.00          1.171           1.098                0.075              1000.00          >>>90%
81     8.00     1      100.00          1.200           1.105                0.096              1000.00          >>>90%
82     9.95     1      100.00          1.159           1.045                0.115              1000.00          >>>90%
83     12.30    1      100.00          1.657           1.454                0.204              1000.00          >>>90%
84     12.30    1      100.00          1.298           1.140                0.160              1000.00          >>>90%
85     12.30    1      100.00          1.029           0.903                0.127              1000.00          >>>90%
86     12.30    1      100.00          1.019           0.895                0.125              1000.00          >>>90%
87     12.30    1      100.00          1.078           0.947                0.133              1000.00          >>>90%
88     12.30    1      100.00          1.236           1.085                0.152              1000.00          >>>90%
89     12.30    1      100.00          1.775           1.558                0.218              1000.00          >>>90%
90     12.30    1      100.00          1.620           1.423                0.199              1000.00          >>>90%
------------------------------------------------------------------------------------------------------------------------

LiquidityPool1 ЭГМЦеЊвЊ:
  ЦНОљMFR: 22.28%
  ЦНОљХХУћ: 3.3
  ЦНОљВЮгыТЪ: 52.94%
  зюИпВЮгыТЪ: 100.00% (Epoch 11)
  ЦНОљзЪН№: 421.87 ETH
  зюИпзЪН№: 1000.00 ETH (Epoch 11)
  ИпВЮгыТЪЪБЦк (>90%): 41 Иіepoch
    Epoch 7: 99.50%
    Epoch 8: 99.70%
    Epoch 9: 99.80%
    Epoch 10: 99.90%
    Epoch 11: 100.00%
    Epoch 12: 100.00%
    Epoch 13: 100.00%
    Epoch 28: 99.90%
    Epoch 29: 99.90%
    Epoch 30: 100.00%
    Epoch 36: 94.81%
    Epoch 37: 100.00%
    Epoch 38: 100.00%
    Epoch 39: 100.00%
    Epoch 40: 100.00%
    Epoch 41: 100.00%
    Epoch 42: 98.80%
    Epoch 43: 100.00%
    Epoch 44: 100.00%
    Epoch 45: 98.70%
    Epoch 46: 100.00%
    Epoch 47: 98.60%
    Epoch 48: 100.00%
    Epoch 49: 99.80%
    Epoch 50: 98.00%
    Epoch 75: 93.01%
    Epoch 76: 96.20%
    Epoch 77: 98.40%
    Epoch 78: 100.00%
    Epoch 79: 100.00%
    Epoch 80: 100.00%
    Epoch 81: 100.00%
    Epoch 82: 100.00%
    Epoch 83: 100.00%
    Epoch 84: 100.00%
    Epoch 85: 100.00%
    Epoch 86: 100.00%
    Epoch 87: 100.00%
    Epoch 88: 100.00%
    Epoch 89: 100.00%
    Epoch 90: 100.00%

========================================================================================================================
LiquidityPool2 - ЭъећЪ§Он (Epoch 0-90)
========================================================================================================================
Epoch  MFR(%)   Rank   Participation(%) Pool Revenue(%) Stakeholder Revenue(%) Pool Net Revenue(%) Total Funds(ETH)
------------------------------------------------------------------------------------------------------------------------
0      15.00    61     0.10            0.405           0.000                0.000              0.00            
1      7.50     15     70.43           0.377           0.399                0.028              7.02             >70%
2      7.50     3      72.13           0.300           0.285                0.022              33.88            >70%
3      12.07    3      73.33           0.247           0.218                0.030              229.32           >70%
4      99.00    16     52.45           0.186           0.002                0.184              6.81            
5      17.96    12     33.77           0.220           0.212                0.040              5.81            
6      5.00     5      17.88           0.208           0.237                0.010              5.01            
7      5.00     5      0.30            0.224           0.307                0.011              2.25            
8      5.00     4      0.20            0.435           0.821                0.022              1.01            
9      5.00     4      0.10            0.423           0.000                0.000              0.00            
10     5.25     3      0.10            0.466           0.000                0.000              0.00            
11     5.00     2      0.10            0.371           0.000                0.000              0.00            
12     5.00     2      0.10            0.355           0.000                0.000              0.00            
13     5.00     2      0.10            0.401           0.000                0.000              0.00            
14     5.00     3      99.70           0.662           0.631                0.033              298.99           >>>90%
15     7.12     2      99.80           1.358           1.265                0.097              300.00           >>>90%
16     7.09     1      99.90           2.971           2.765                0.211              600.00           >>>90%
17     7.06     1      100.00          2.096           1.950                0.148              1000.00          >>>90%
18     7.02     1      100.00          1.932           1.798                0.136              1000.00          >>>90%
19     12.28    1      100.00          2.444           2.146                0.300              1000.00          >>>90%
------------------------------------------------------------------------------------------------------------------------

LiquidityPool2 (ај) - Epoch 20 to 39
------------------------------------------------------------------------------------------------------------------------
Epoch  MFR(%)   Rank   Participation(%) Pool Revenue(%) Stakeholder Revenue(%) Pool Net Revenue(%) Total Funds(ETH)
------------------------------------------------------------------------------------------------------------------------
20     21.36    1      100.00          3.063           2.411                0.654              1000.00          >>>90%
21     37.00    1      100.00          3.321           2.094                1.229              1000.00          >>>90%
22     63.78    1      100.00          3.058           1.109                1.951              1000.00          >>>90%
23     63.78    1      100.00          2.815           1.021                1.796              1000.00          >>>90%
24     63.78    1      100.00          2.353           0.853                1.501              1000.00          >>>90%
25     63.78    1      99.90           3.461           1.255                2.207              700.00           >>>90%
26     62.60    1      100.00          3.016           1.129                1.888              1000.00          >>>90%
27     62.30    1      100.00          3.823           1.443                2.382              1000.00          >>>90%
28     99.00    2      0.20            0.928           0.009                0.919              300.00          
29     83.14    2      0.20            0.802           0.136                0.667              300.00          
30     71.71    2      0.10            0.560           0.000                0.000              0.00            
31     87.30    31     25.47           0.617           0.137                0.539              1.33            
32     74.51    31     25.47           0.750           0.335                0.559              1.33            
33     56.09    16     25.47           1.028           0.792                0.577              1.33            
34     36.34    4      17.08           0.745           1.014                0.271              0.88            
35     16.40    4      9.99            0.716           1.771                0.117              0.51            
36     5.00     2      5.29            0.572           2.819                0.029              0.24            
37     5.00     2      0.10            0.467           0.000                0.000              0.00            
38     5.25     2      0.10            0.934           0.000                0.000              0.00            
39     5.00     2      0.10            1.031           0.000                0.000              0.00            
------------------------------------------------------------------------------------------------------------------------

LiquidityPool2 (ај) - Epoch 40 to 59
------------------------------------------------------------------------------------------------------------------------
Epoch  MFR(%)   Rank   Participation(%) Pool Revenue(%) Stakeholder Revenue(%) Pool Net Revenue(%) Total Funds(ETH)
------------------------------------------------------------------------------------------------------------------------
40     5.00     2      0.10            0.495           0.000                0.000              0.00            
41     5.00     2      0.10            0.393           0.000                0.000              0.00            
42     5.00     14     0.10            0.344           0.000                0.000              0.00            
43     5.00     2      0.10            0.345           0.000                0.000              0.00            
44     5.00     2      0.10            0.421           0.000                0.000              0.00            
45     5.00     15     0.10            0.406           0.000                0.000              0.00            
46     5.00     2      0.10            0.286           0.000                0.000              0.00            
47     5.00     16     0.10            0.202           0.000                0.000              0.00            
48     5.00     2      0.10            0.232           0.000                0.000              0.00            
49     5.00     4      0.10            0.390           0.000                0.000              0.00            
50     5.00     22     0.10            0.359           0.000                0.000              0.00            
51     5.00     13     94.21           0.334           0.348                0.017              10.17            >>>90%
52     5.00     3      97.40           0.303           0.292                0.015              72.44            >>>90%
53     5.90     3      96.80           0.533           0.504                0.031              208.79           >>>90%
54     5.87     2      99.80           0.650           0.614                0.038              300.00           >>>90%
55     5.84     1      99.90           2.898           2.733                0.169              600.00           >>>90%
56     8.48     1      100.00          1.762           1.614                0.149              1000.00          >>>90%
57     12.24    1      100.00          0.964           0.847                0.118              1000.00          >>>90%
58     17.58    1      100.00          0.948           0.782                0.167              1000.00          >>>90%
59     25.11    1      100.00          1.571           1.178                0.394              1000.00          >>>90%
------------------------------------------------------------------------------------------------------------------------

LiquidityPool2 (ај) - Epoch 60 to 79
------------------------------------------------------------------------------------------------------------------------
Epoch  MFR(%)   Rank   Participation(%) Pool Revenue(%) Stakeholder Revenue(%) Pool Net Revenue(%) Total Funds(ETH)
------------------------------------------------------------------------------------------------------------------------
60     35.65    1      100.00          1.914           1.233                0.682              1000.00          >>>90%
61     50.34    1      100.00          1.429           0.710                0.719              1000.00          >>>90%
62     50.34    1      100.00          1.027           0.511                0.517              1000.00          >>>90%
63     50.34    1      99.90           1.350           0.671                0.680              600.00           >>>90%
64     49.48    1      100.00          1.125           0.569                0.557              1000.00          >>>90%
65     49.20    1      100.00          1.390           0.707                0.684              1000.00          >>>90%
66     67.51    1      80.02           1.530           0.498                1.033              891.05           >>80%
67     53.69    1      80.22           1.234           0.572                0.663              897.43           >>80%
68     53.37    1      80.22           1.329           0.620                0.709              897.43           >>80%
69     53.06    1      85.41           1.367           0.642                0.725              928.06           >>80%
70     52.74    1      90.31           4.213           1.993                2.222              947.21           >>>90%
71     52.43    1      94.41           3.460           1.648                1.814              973.31           >>>90%
72     52.11    1      100.00          2.615           1.254                1.363              1000.00          >>>90%
73     51.80    1      100.00          2.029           0.979                1.051              1000.00          >>>90%
74     51.48    1      100.00          1.611           0.782                0.829              1000.00          >>>90%
75     66.93    2      7.09            0.417           0.146                0.279              15.84           
76     47.25    2      3.90            0.462           0.263                0.218              12.49           
77     27.50    2      1.70            0.512           4.160                0.141              0.10            
78     7.50     2      0.10            0.583           0.000                0.000              0.00            
79     28.88    2      0.10            0.456           0.000                0.000              0.00            
------------------------------------------------------------------------------------------------------------------------

LiquidityPool2 (ај) - Epoch 80 to 90
------------------------------------------------------------------------------------------------------------------------
Epoch  MFR(%)   Rank   Participation(%) Pool Revenue(%) Stakeholder Revenue(%) Pool Net Revenue(%) Total Funds(ETH)
------------------------------------------------------------------------------------------------------------------------
80     14.44    2      0.10            0.319           0.000                0.000              0.00            
81     7.22     2      0.10            0.258           0.000                0.000              0.00            
82     5.00     2      0.10            0.265           0.000                0.000              0.00            
83     5.00     2      0.10            0.396           0.000                0.000              0.00            
84     5.00     2      0.10            0.314           0.000                0.000              0.00            
85     5.00     2      0.10            0.278           0.000                0.000              0.00            
86     5.00     2      0.10            0.278           0.000                0.000              0.00            
87     5.00     2      0.10            0.250           0.000                0.000              0.00            
88     5.00     2      0.10            0.257           0.000                0.000              0.00            
89     5.00     2      0.10            0.377           0.000                0.000              0.00            
90     5.00     2      0.10            0.305           0.000                0.000              0.00            
------------------------------------------------------------------------------------------------------------------------

LiquidityPool2 ЭГМЦеЊвЊ:
  ЦНОљMFR: 26.29%
  ЦНОљХХУћ: 4.5
  ЦНОљВЮгыТЪ: 45.53%
  зюИпВЮгыТЪ: 100.00% (Epoch 17)
  ЦНОљзЪН№: 353.30 ETH
  зюИпзЪН№: 1000.00 ETH (Epoch 17)
  ИпВЮгыТЪЪБЦк (>90%): 34 Иіepoch
    Epoch 14: 99.70%
    Epoch 15: 99.80%
    Epoch 16: 99.90%
    Epoch 17: 100.00%
    Epoch 18: 100.00%
    Epoch 19: 100.00%
    Epoch 20: 100.00%
    Epoch 21: 100.00%
    Epoch 22: 100.00%
    Epoch 23: 100.00%
    Epoch 24: 100.00%
    Epoch 25: 99.90%
    Epoch 26: 100.00%
    Epoch 27: 100.00%
    Epoch 51: 94.21%
    Epoch 52: 97.40%
    Epoch 53: 96.80%
    Epoch 54: 99.80%
    Epoch 55: 99.90%
    Epoch 56: 100.00%
    Epoch 57: 100.00%
    Epoch 58: 100.00%
    Epoch 59: 100.00%
    Epoch 60: 100.00%
    Epoch 61: 100.00%
    Epoch 62: 100.00%
    Epoch 63: 99.90%
    Epoch 64: 100.00%
    Epoch 65: 100.00%
    Epoch 70: 90.31%
    Epoch 71: 94.41%
    Epoch 72: 100.00%
    Epoch 73: 100.00%
    Epoch 74: 100.00%

ЪЧЗёЕМГіЮЊCSVЮФМўЃП(y/n): 
Ъ§ОнЪфГіЭъГЩЃЁ
